20, 0.50, 0.50, 1.10, 6.51, 7.61, 62445.00, 24879.00
20, 0.50, 1.25, 1.07, 6.34, 7.40, 62813.00, 25049.00
20, 0.50, 2.00, 1.06, 6.38, 7.44, 62921.00, 25101.00
20, 0.50, 2.75, 1.07, 6.43, 7.50, 62951.00, 25117.00
20, 0.50, 3.50, 1.09, 6.41, 7.50, 62971.00, 25129.00
20, 0.50, 4.25, 1.08, 6.41, 7.49, 62985.00, 25136.00
20, 0.50, 5.00, 1.11, 6.97, 8.09, 62993.00, 25139.00
20, 0.50, 5.75, 1.12, 6.81, 7.94, 62997.00, 25143.00
20, 0.50, 6.50, 1.12, 6.63, 7.75, 62997.00, 25142.00
20, 0.50, 7.25, 1.10, 6.69, 7.79, 63021.00, 25153.00
20, 0.50, 8.00, 1.16, 6.94, 8.10, 63025.00, 25155.00
20, 0.50, 8.75, 1.17, 7.06, 8.23, 63033.00, 25159.00
20, 0.50, 9.50, 1.18, 7.00, 8.18, 63027.00, 25157.00
20, 1.25, 0.50, 1.16, 7.08, 8.24, 61529.00, 24434.00
20, 1.25, 1.25, 1.08, 6.40, 7.48, 62447.00, 24879.00
20, 1.25, 2.00, 1.07, 6.35, 7.41, 62663.00, 24979.00
20, 1.25, 2.75, 1.07, 6.34, 7.41, 62771.00, 25029.00
20, 1.25, 3.50, 1.06, 6.35, 7.41, 62831.00, 25057.00
20, 1.25, 4.25, 1.07, 6.36, 7.42, 62869.00, 25075.00
20, 1.25, 5.00, 1.07, 6.35, 7.41, 62923.00, 25101.00
20, 1.25, 5.75, 1.07, 6.35, 7.42, 62933.00, 25108.00
20, 1.25, 6.50, 1.07, 6.35, 7.42, 62937.00, 25109.00
20, 1.25, 7.25, 1.07, 6.35, 7.41, 62959.00, 25120.00
20, 1.25, 8.00, 1.07, 6.35, 7.42, 62973.00, 25128.00
20, 1.25, 8.75, 1.07, 6.36, 7.43, 62979.00, 25132.00
20, 1.25, 9.50, 1.07, 6.36, 7.43, 62979.00, 25133.00
20, 2.00, 0.50, 1.07, 6.37, 7.43, 60761.00, 24062.00
20, 2.00, 1.25, 1.07, 6.34, 7.40, 62079.00, 24697.00
20, 2.00, 2.00, 1.06, 6.33, 7.40, 62445.00, 24879.00
20, 2.00, 2.75, 1.06, 6.34, 7.40, 62599.00, 24950.00
20, 2.00, 3.50, 1.07, 6.33, 7.40, 62679.00, 24988.00
20, 2.00, 4.25, 1.06, 6.34, 7.40, 62767.00, 25026.00
20, 2.00, 5.00, 1.07, 6.34, 7.41, 62813.00, 25049.00
20, 2.00, 5.75, 1.07, 6.33, 7.40, 62843.00, 25063.00
20, 2.00, 6.50, 1.06, 6.33, 7.40, 62853.00, 25066.00
20, 2.00, 7.25, 1.06, 6.34, 7.40, 62895.00, 25087.00
20, 2.00, 8.00, 1.07, 6.35, 7.41, 62921.00, 25101.00
20, 2.00, 8.75, 1.06, 6.34, 7.41, 62939.00, 25110.00
20, 2.00, 9.50, 1.06, 6.33, 7.39, 62933.00, 25108.00
20, 2.75, 0.50, 1.06, 6.34, 7.40, 59659.00, 23605.00
20, 2.75, 1.25, 1.06, 6.34, 7.40, 61757.00, 24543.00
20, 2.75, 2.00, 1.07, 6.33, 7.40, 62251.00, 24782.00
20, 2.75, 2.75, 1.06, 6.33, 7.39, 62445.00, 24880.00
20, 2.75, 3.50, 1.06, 6.35, 7.41, 62551.00, 24930.00
20, 2.75, 4.25, 1.06, 6.33, 7.39, 62643.00, 24970.00
20, 2.75, 5.00, 1.07, 6.34, 7.40, 62707.00, 24999.00
20, 2.75, 5.75, 1.06, 6.34, 7.40, 62763.00, 25025.00
20, 2.75, 6.50, 1.07, 6.34, 7.41, 62779.00, 25033.00
20, 2.75, 7.25, 1.06, 6.33, 7.39, 62829.00, 25055.00
20, 2.75, 8.00, 1.07, 6.33, 7.40, 62847.00, 25064.00
20, 2.75, 8.75, 1.06, 6.33, 7.40, 62869.00, 25074.00
20, 2.75, 9.50, 1.06, 6.34, 7.40, 62873.00, 25078.00
20, 3.50, 0.50, 1.05, 6.34, 7.40, 58631.00, 23171.00
20, 3.50, 1.25, 1.06, 6.34, 7.40, 61379.00, 24361.00
20, 3.50, 2.00, 1.06, 6.33, 7.39, 61993.00, 24657.00
20, 3.50, 2.75, 1.07, 6.35, 7.41, 62293.00, 24803.00
20, 3.50, 3.50, 1.06, 6.34, 7.40, 62443.00, 24879.00
20, 3.50, 4.25, 1.06, 6.34, 7.40, 62539.00, 24923.00
20, 3.50, 5.00, 1.06, 6.34, 7.40, 62611.00, 24954.00
20, 3.50, 5.75, 1.06, 6.33, 7.40, 62671.00, 24984.00
20, 3.50, 6.50, 1.07, 6.34, 7.41, 62705.00, 24999.00
20, 3.50, 7.25, 1.07, 6.34, 7.41, 62755.00, 25020.00
20, 3.50, 8.00, 1.06, 6.34, 7.40, 62779.00, 25033.00
20, 3.50, 8.75, 1.06, 6.34, 7.40, 62817.00, 25052.00
20, 3.50, 9.50, 1.06, 6.33, 7.39, 62825.00, 25055.00
20, 4.25, 0.50, 1.05, 6.28, 7.33, 57505.00, 22699.00
20, 4.25, 1.25, 1.06, 6.32, 7.38, 61035.00, 24188.00
20, 4.25, 2.00, 1.06, 6.34, 7.40, 61803.00, 24565.00
20, 4.25, 2.75, 1.06, 6.34, 7.40, 62121.00, 24718.00
20, 4.25, 3.50, 1.06, 6.33, 7.39, 62337.00, 24825.00
20, 4.25, 4.25, 1.06, 6.34, 7.41, 62453.00, 24883.00
20, 4.25, 5.00, 1.06, 6.34, 7.41, 62521.00, 24913.00
20, 4.25, 5.75, 1.07, 6.34, 7.41, 62585.00, 24945.00
20, 4.25, 6.50, 1.06, 6.33, 7.39, 62629.00, 24963.00
20, 4.25, 7.25, 1.07, 6.33, 7.40, 62679.00, 24986.00
20, 4.25, 8.00, 1.06, 6.33, 7.39, 62719.00, 25005.00
20, 4.25, 8.75, 1.07, 6.34, 7.40, 62759.00, 25023.00
20, 4.25, 9.50, 1.06, 6.34, 7.41, 62773.00, 25031.00
25, 0.50, 0.50, 2.23, 5.62, 7.84, 376635.00, 162920.00
25, 0.50, 1.25, 2.25, 5.61, 7.86, 385459.00, 167160.00
25, 0.50, 2.00, 2.26, 5.63, 7.89, 387667.00, 168215.00
25, 0.50, 2.75, 2.26, 5.61, 7.87, 388713.00, 168718.00
25, 0.50, 3.50, 2.27, 5.63, 7.90, 389251.00, 168980.00
25, 0.50, 4.25, 2.26, 5.62, 7.88, 389549.00, 169130.00
25, 0.50, 5.00, 2.27, 5.64, 7.91, 389813.00, 169261.00
25, 0.50, 5.75, 2.27, 5.63, 7.90, 389999.00, 169350.00
25, 0.50, 6.50, 2.27, 5.64, 7.91, 390059.00, 169373.00
25, 0.50, 7.25, 2.27, 5.63, 7.91, 390253.00, 169462.00
25, 0.50, 8.00, 2.27, 5.63, 7.90, 390377.00, 169523.00
25, 0.50, 8.75, 2.27, 5.62, 7.88, 390445.00, 169556.00
25, 0.50, 9.50, 2.27, 5.62, 7.89, 390495.00, 169584.00
25, 1.25, 0.50, 2.17, 5.61, 7.78, 355481.00, 152698.00
25, 1.25, 1.25, 2.23, 5.62, 7.85, 376607.00, 162913.00
25, 1.25, 2.00, 2.25, 5.63, 7.87, 382101.00, 165542.00
25, 1.25, 2.75, 2.25, 5.62, 7.87, 384571.00, 166731.00
25, 1.25, 3.50, 2.26, 5.63, 7.88, 386073.00, 167451.00
25, 1.25, 4.25, 2.26, 5.63, 7.89, 387027.00, 167915.00
25, 1.25, 5.00, 2.26, 5.62, 7.88, 387637.00, 168207.00
25, 1.25, 5.75, 2.26, 5.62, 7.88, 388171.00, 168461.00
25, 1.25, 6.50, 2.26, 5.62, 7.88, 388447.00, 168592.00
25, 1.25, 7.25, 2.26, 5.62, 7.87, 388857.00, 168785.00
25, 1.25, 8.00, 2.25, 5.62, 7.87, 389147.00, 168929.00
25, 1.25, 8.75, 2.26, 5.62, 7.88, 389265.00, 168984.00
25, 1.25, 9.50, 2.26, 5.62, 7.88, 389373.00, 169041.00
25, 2.00, 0.50, 2.11, 5.61, 7.72, 334697.00, 142750.00
25, 2.00, 1.25, 2.21, 5.62, 7.82, 368241.00, 158850.00
25, 2.00, 2.00, 2.23, 5.63, 7.85, 376635.00, 162920.00
25, 2.00, 2.75, 2.24, 5.62, 7.86, 380587.00, 164813.00
25, 2.00, 3.50, 2.25, 5.62, 7.87, 382809.00, 165886.00
25, 2.00, 4.25, 2.25, 5.62, 7.87, 384347.00, 166629.00
25, 2.00, 5.00, 2.26, 5.63, 7.89, 385459.00, 167160.00
25, 2.00, 5.75, 2.26, 5.63, 7.89, 386237.00, 167535.00
25, 2.00, 6.50, 2.26, 5.62, 7.88, 386733.00, 167773.00
25, 2.00, 7.25, 2.25, 5.62, 7.87, 387291.00, 168036.00
25, 2.00, 8.00, 2.26, 5.63, 7.88, 387667.00, 168215.00
25, 2.00, 8.75, 2.26, 5.63, 7.89, 387953.00, 168352.00
25, 2.00, 9.50, 2.26, 5.62, 7.88, 388297.00, 168518.00
25, 2.75, 0.50, 2.05, 5.62, 7.67, 312753.00, 132931.00
25, 2.75, 1.25, 2.18, 5.62, 7.80, 360057.00, 154898.00
25, 2.75, 2.00, 2.22, 5.63, 7.85, 371513.00, 160432.00
25, 2.75, 2.75, 2.22, 5.63, 7.86, 376599.00, 162902.00
25, 2.75, 4.25, 2.27, 5.63, 7.90, 381717.00, 165363.00
25, 2.75, 5.00, 2.25, 5.63, 7.88, 383115.00, 166039.00
25, 2.75, 5.75, 2.25, 5.64, 7.89, 384191.00, 166554.00
25, 2.75, 6.50, 2.27, 5.63, 7.90, 384987.00, 166931.00
25, 2.75, 7.25, 2.26, 5.62, 7.88, 385755.00, 167296.00
25, 2.75, 8.00, 2.27, 5.62, 7.89, 386333.00, 167577.00
25, 2.75, 8.75, 2.27, 5.63, 7.90, 386761.00, 167783.00
25, 2.75, 9.50, 2.26, 5.62, 7.88, 387087.00, 167944.00
25, 3.50, 0.50, 2.00, 5.62, 7.62, 292215.00, 123728.00
25, 3.50, 1.25, 2.16, 5.61, 7.77, 351319.00, 150724.00
25, 3.50, 2.00, 2.20, 5.62, 7.82, 366295.00, 157900.00
25, 3.50, 2.75, 2.23, 5.63, 7.85, 372787.00, 161054.00
25, 3.50, 3.50, 2.23, 5.62, 7.85, 376599.00, 162904.00
25, 3.50, 4.25, 2.25, 5.65, 7.90, 379151.00, 164131.00
25, 3.50, 5.00, 2.24, 5.63, 7.88, 380955.00, 164996.00
25, 3.50, 5.75, 2.25, 5.64, 7.89, 382323.00, 165654.00
25, 3.50, 6.50, 2.25, 5.63, 7.88, 383193.00, 166075.00
25, 3.50, 7.25, 2.26, 5.64, 7.90, 384143.00, 166527.00
25, 3.50, 8.00, 2.26, 5.64, 7.90, 384869.00, 166875.00
25, 3.50, 8.75, 2.26, 5.64, 7.90, 385469.00, 167157.00
25, 3.50, 9.50, 2.26, 5.63, 7.89, 385909.00, 167373.00
25, 4.25, 0.50, 1.95, 5.58, 7.53, 272603.00, 115041.00
25, 4.25, 1.25, 2.14, 5.63, 7.77, 342773.00, 146625.00
25, 4.25, 2.00, 2.19, 5.63, 7.82, 361085.00, 155385.00
25, 4.25, 2.75, 2.21, 5.63, 7.85, 369021.00, 159218.00
25, 4.25, 3.50, 2.22, 5.63, 7.86, 373509.00, 161402.00
25, 4.25, 4.25, 2.23, 5.62, 7.85, 376625.00, 162918.00
25, 4.25, 5.00, 2.24, 5.63, 7.88, 378755.00, 163947.00
25, 4.25, 5.75, 2.24, 5.63, 7.87, 380443.00, 164750.00
25, 4.25, 6.50, 2.25, 5.63, 7.88, 381535.00, 165276.00
25, 4.25, 7.25, 2.25, 5.63, 7.88, 382611.00, 165788.00
25, 4.25, 8.00, 2.26, 5.64, 7.90, 383401.00, 166172.00
25, 4.25, 8.75, 2.25, 5.63, 7.88, 384091.00, 166502.00
25, 4.25, 9.50, 2.25, 5.62, 7.88, 384691.00, 166791.00
30, 0.50, 0.50, 3.48, 5.58, 9.06, 730051.00, 324570.00
30, 0.50, 1.25, 3.57, 5.59, 9.16, 759845.00, 338960.00
30, 0.50, 2.00, 3.59, 5.59, 9.18, 767435.00, 342640.00
30, 0.50, 2.75, 3.61, 5.60, 9.21, 771035.00, 344374.00
30, 0.50, 3.50, 3.61, 5.59, 9.20, 773007.00, 345334.00
30, 0.50, 4.25, 3.61, 5.59, 9.20, 774075.00, 345858.00
30, 0.50, 5.00, 3.61, 5.59, 9.20, 774877.00, 346254.00
30, 0.50, 5.75, 3.62, 5.59, 9.21, 775537.00, 346571.00
30, 0.50, 6.50, 3.61, 5.60, 9.21, 776059.00, 346822.00
30, 0.50, 7.25, 3.61, 5.59, 9.19, 776519.00, 347039.00
30, 0.50, 8.00, 3.62, 5.58, 9.20, 776907.00, 347232.00
30, 0.50, 8.75, 3.61, 5.59, 9.21, 777187.00, 347365.00
30, 0.50, 9.50, 3.62, 5.60, 9.22, 777387.00, 347462.00
30, 1.25, 0.50, 3.27, 5.57, 8.84, 662711.00, 292101.00
30, 1.25, 1.25, 3.48, 5.59, 9.07, 729923.00, 324516.00
30, 1.25, 2.00, 3.54, 5.59, 9.13, 748465.00, 333461.00
30, 1.25, 2.75, 3.56, 5.59, 9.15, 757183.00, 337669.00
30, 1.25, 3.50, 3.58, 5.60, 9.18, 761945.00, 339970.00
30, 1.25, 4.25, 3.59, 5.59, 9.18, 765129.00, 341520.00
30, 1.25, 5.00, 3.59, 5.59, 9.18, 767333.00, 342596.00
30, 1.25, 5.75, 3.59, 5.59, 9.18, 769175.00, 343486.00
30, 1.25, 6.50, 3.61, 5.59, 9.20, 770463.00, 344100.00
30, 1.25, 7.25, 3.61, 5.59, 9.20, 771531.00, 344613.00
30, 1.25, 8.00, 3.60, 5.59, 9.19, 772431.00, 345058.00
30, 1.25, 8.75, 3.60, 5.58, 9.18, 772989.00, 345323.00
30, 1.25, 9.50, 3.61, 5.59, 9.20, 773363.00, 345507.00
30, 2.00, 0.50, 3.08, 5.58, 8.66, 599627.00, 261841.00
30, 2.00, 1.25, 3.40, 5.58, 8.98, 702321.00, 311205.00
30, 2.00, 2.00, 3.48, 5.59, 9.07, 730051.00, 324570.00
30, 2.00, 2.75, 3.52, 5.59, 9.10, 743195.00, 330914.00
30, 2.00, 3.50, 3.55, 5.59, 9.13, 751213.00, 334798.00
30, 2.00, 4.25, 3.55, 5.59, 9.13, 756531.00, 337358.00
30, 2.00, 5.00, 3.56, 5.59, 9.15, 759845.00, 338960.00
30, 2.00, 5.75, 3.57, 5.59, 9.16, 762369.00, 340185.00
30, 2.00, 6.50, 3.59, 5.60, 9.19, 764341.00, 341144.00
30, 2.00, 7.25, 3.58, 5.60, 9.18, 766121.00, 341997.00
30, 2.00, 8.00, 3.59, 5.60, 9.19, 767435.00, 342640.00
30, 2.00, 8.75, 3.59, 5.59, 9.18, 768549.00, 343178.00
30, 2.00, 9.50, 3.60, 5.60, 9.21, 769561.00, 343662.00
30, 2.75, 0.50, 2.91, 5.58, 8.49, 539949.00, 234783.00
30, 2.75, 1.25, 3.31, 5.58, 8.89, 676131.00, 298550.00
30, 2.75, 2.00, 3.43, 5.58, 9.01, 713123.00, 316386.00
30, 2.75, 2.75, 3.48, 5.59, 9.07, 729895.00, 324490.00
30, 2.75, 3.50, 3.50, 5.59, 9.09, 740463.00, 329596.00
30, 2.75, 4.25, 3.53, 5.60, 9.13, 747305.00, 332906.00
30, 2.75, 5.00, 3.56, 5.60, 9.16, 752297.00, 335332.00
30, 2.75, 5.75, 3.56, 5.60, 9.15, 755957.00, 337088.00
30, 2.75, 6.50, 3.56, 5.59, 9.15, 758667.00, 338390.00
30, 2.75, 7.25, 3.58, 5.60, 9.17, 760925.00, 339477.00
30, 2.75, 8.00, 3.58, 5.59, 9.16, 762673.00, 340326.00
30, 2.75, 8.75, 3.58, 5.60, 9.18, 764167.00, 341053.00
30, 2.75, 9.50, 3.58, 5.59, 9.17, 765293.00, 341598.00
30, 3.50, 0.50, 2.75, 5.58, 8.32, 485503.00, 210153.00
30, 3.50, 1.25, 3.23, 5.58, 8.81, 649343.00, 285702.00
30, 3.50, 2.00, 3.37, 5.59, 8.96, 695971.00, 308121.00
30, 3.50, 2.75, 3.44, 5.59, 9.02, 717493.00, 318488.00
30, 3.50, 3.50, 3.48, 5.59, 9.07, 730015.00, 324550.00
30, 3.50, 4.25, 3.50, 5.59, 9.09, 738487.00, 328645.00
30, 3.50, 5.00, 3.51, 5.59, 9.11, 744485.00, 331551.00
30, 3.50, 5.75, 3.54, 5.70, 9.25, 749283.00, 333863.00
30, 3.50, 6.50, 3.55, 5.60, 9.14, 752903.00, 335616.00
30, 3.50, 7.25, 3.56, 5.59, 9.15, 755871.00, 337039.00
30, 3.50, 8.00, 3.56, 5.60, 9.16, 758105.00, 338118.00
30, 3.50, 8.75, 3.58, 5.59, 9.17, 759903.00, 338977.00
30, 3.50, 9.50, 3.57, 5.60, 9.17, 761333.00, 339674.00
30, 4.25, 0.50, 2.60, 5.53, 8.13, 437495.00, 188626.00
30, 4.25, 1.25, 3.16, 5.59, 8.76, 623819.00, 273434.00
30, 4.25, 2.00, 3.33, 5.59, 8.92, 679327.00, 300092.00
30, 4.25, 2.75, 3.41, 5.59, 9.00, 704909.00, 312428.00
30, 4.25, 3.50, 3.45, 5.59, 9.04, 719991.00, 319694.00
30, 4.25, 4.25, 3.48, 5.60, 9.08, 730029.00, 324560.00
30, 4.25, 5.00, 3.50, 5.60, 9.10, 737103.00, 327985.00
30, 4.25, 5.75, 3.52, 5.60, 9.12, 742679.00, 330676.00
30, 4.25, 6.50, 3.54, 5.59, 9.13, 746781.00, 332657.00
30, 4.25, 7.25, 3.55, 5.60, 9.15, 750431.00, 334417.00
30, 4.25, 8.00, 3.55, 5.60, 9.14, 753399.00, 335852.00
30, 4.25, 8.75, 3.55, 5.59, 9.15, 755703.00, 336957.00
30, 4.25, 9.50, 3.56, 5.60, 9.16, 757555.00, 337852.00
35, 0.50, 0.50, 3.76, 5.59, 9.35, 803813.00, 358974.00
35, 0.50, 1.25, 3.87, 5.59, 9.46, 839607.00, 376281.00
35, 0.50, 2.00, 3.89, 5.59, 9.48, 848883.00, 380783.00
35, 0.50, 2.75, 3.90, 5.59, 9.48, 853081.00, 382810.00
35, 0.50, 3.50, 3.92, 5.60, 9.53, 855459.00, 383966.00
35, 0.50, 4.25, 3.93, 5.59, 9.51, 856807.00, 384625.00
35, 0.50, 5.00, 3.92, 5.59, 9.51, 857775.00, 385101.00
35, 0.50, 5.75, 3.92, 5.60, 9.52, 858525.00, 385461.00
35, 0.50, 6.50, 3.93, 5.59, 9.52, 859123.00, 385748.00
35, 0.50, 7.25, 3.94, 5.59, 9.53, 859675.00, 386013.00
35, 0.50, 8.00, 3.93, 5.60, 9.53, 860157.00, 386251.00
35, 0.50, 8.75, 3.94, 5.59, 9.53, 860485.00, 386405.00
35, 0.50, 9.50, 3.92, 5.59, 9.52, 860725.00, 386519.00
35, 1.25, 0.50, 3.51, 5.59, 9.09, 722813.00, 319881.00
35, 1.25, 1.25, 3.75, 5.58, 9.33, 803649.00, 358902.00
35, 1.25, 2.00, 3.82, 5.59, 9.41, 825815.00, 369606.00
35, 1.25, 2.75, 3.85, 5.59, 9.44, 836427.00, 374733.00
35, 1.25, 3.50, 3.88, 5.59, 9.47, 842221.00, 377540.00
35, 1.25, 4.25, 3.88, 5.59, 9.48, 846115.00, 379438.00
35, 1.25, 5.00, 3.90, 5.59, 9.49, 848753.00, 380725.00
35, 1.25, 5.75, 3.90, 5.59, 9.49, 850939.00, 381780.00
35, 1.25, 6.50, 3.92, 5.60, 9.51, 852397.00, 382480.00
35, 1.25, 7.25, 3.91, 5.59, 9.49, 853683.00, 383101.00
35, 1.25, 8.00, 3.91, 5.59, 9.50, 854825.00, 383661.00
35, 1.25, 8.75, 3.92, 5.60, 9.53, 855455.00, 383960.00
35, 1.25, 9.50, 3.92, 5.60, 9.52, 855953.00, 384205.00
35, 2.00, 0.50, 3.27, 5.59, 8.86, 648957.00, 284431.00
35, 2.00, 1.25, 3.66, 5.58, 9.24, 770267.00, 342801.00
35, 2.00, 2.00, 3.76, 5.58, 9.34, 803813.00, 358974.00
35, 2.00, 2.75, 3.81, 5.58, 9.40, 819585.00, 366593.00
35, 2.00, 3.50, 3.83, 5.59, 9.42, 829195.00, 371250.00
35, 2.00, 4.25, 3.85, 5.60, 9.45, 835627.00, 374351.00
35, 2.00, 5.00, 3.86, 5.60, 9.46, 839607.00, 376281.00
35, 2.00, 5.75, 3.88, 5.59, 9.47, 842777.00, 377816.00
35, 2.00, 6.50, 3.88, 5.59, 9.47, 845175.00, 378983.00
35, 2.00, 7.25, 3.88, 5.59, 9.47, 847267.00, 379991.00
35, 2.00, 8.00, 3.89, 5.59, 9.49, 848883.00, 380783.00
35, 2.00, 8.75, 3.90, 5.60, 9.50, 850237.00, 381435.00
35, 2.00, 9.50, 3.90, 5.59, 9.50, 851393.00, 381993.00
35, 2.75, 0.50, 3.06, 5.58, 8.64, 579791.00, 252977.00
35, 2.75, 1.25, 3.55, 5.59, 9.14, 738711.00, 327531.00
35, 2.75, 2.00, 3.69, 5.58, 9.27, 783115.00, 348966.00
35, 2.75, 2.75, 3.75, 5.59, 9.34, 803615.00, 358873.00
35, 2.75, 3.50, 3.80, 5.59, 9.38, 816259.00, 364989.00
35, 2.75, 4.25, 3.82, 5.59, 9.41, 824457.00, 368954.00
35, 2.75, 5.00, 3.83, 5.65, 9.48, 830525.00, 371901.00
35, 2.75, 5.75, 3.85, 5.59, 9.44, 834943.00, 374023.00
35, 2.75, 6.50, 3.86, 5.59, 9.45, 838165.00, 375578.00
35, 2.75, 7.25, 3.87, 5.59, 9.46, 840945.00, 376920.00
35, 2.75, 8.00, 3.88, 5.60, 9.48, 843187.00, 378012.00
35, 2.75, 8.75, 3.88, 5.59, 9.47, 844959.00, 378871.00
35, 2.75, 9.50, 3.89, 5.59, 9.48, 846305.00, 379529.00
35, 3.50, 0.50, 2.87, 5.58, 8.46, 517259.00, 224579.00
35, 3.50, 1.25, 3.45, 5.59, 9.04, 706965.00, 312289.00
35, 3.50, 2.00, 3.63, 5.58, 9.21, 762581.00, 339067.00
35, 3.50, 2.75, 3.70, 5.58, 9.28, 788489.00, 351548.00
35, 3.50, 3.50, 3.76, 5.59, 9.34, 803737.00, 358935.00
35, 3.50, 4.25, 3.78, 5.59, 9.37, 813923.00, 363860.00
35, 3.50, 5.00, 3.82, 5.59, 9.41, 821055.00, 367317.00
35, 3.50, 5.75, 3.82, 5.59, 9.41, 826829.00, 370097.00
35, 3.50, 6.50, 3.84, 5.59, 9.43, 831217.00, 372222.00
35, 3.50, 7.25, 3.85, 5.59, 9.45, 834811.00, 373954.00
35, 3.50, 8.00, 3.86, 5.60, 9.46, 837483.00, 375250.00
35, 3.50, 8.75, 3.87, 5.60, 9.47, 839663.00, 376293.00
35, 3.50, 9.50, 3.87, 5.59, 9.46, 841463.00, 377172.00
35, 4.25, 0.50, 2.71, 5.53, 8.24, 462691.00, 200059.00
35, 4.25, 1.25, 3.35, 5.58, 8.93, 677113.00, 297931.00
35, 4.25, 2.00, 3.57, 5.59, 9.15, 742531.00, 329381.00
35, 4.25, 2.75, 3.66, 5.59, 9.26, 773325.00, 344244.00
35, 4.25, 3.50, 3.72, 5.58, 9.30, 791497.00, 352999.00
35, 4.25, 4.25, 3.76, 5.59, 9.35, 803771.00, 358954.00
35, 4.25, 5.00, 3.78, 5.59, 9.37, 812235.00, 363053.00
35, 4.25, 5.75, 3.80, 5.59, 9.38, 818961.00, 366301.00
35, 4.25, 6.50, 3.82, 5.65, 9.47, 823847.00, 368659.00
35, 4.25, 7.25, 3.83, 5.58, 9.41, 828259.00, 370793.00
35, 4.25, 8.00, 3.85, 5.61, 9.47, 831849.00, 372528.00
35, 4.25, 8.75, 3.89, 5.66, 9.55, 834625.00, 373859.00
35, 4.25, 9.50, 3.92, 5.66, 9.58, 836845.00, 374940.00
40, 0.50, 0.50, 3.85, 5.69, 9.53, 807541.00, 360704.00
40, 0.50, 1.25, 3.97, 5.69, 9.66, 843667.00, 378170.00
40, 0.50, 2.00, 3.95, 5.59, 9.55, 853029.00, 382712.00
40, 0.50, 2.75, 3.94, 5.64, 9.59, 857291.00, 384769.00
40, 0.50, 3.50, 3.95, 5.62, 9.57, 859701.00, 385942.00
40, 0.50, 4.25, 3.94, 5.59, 9.53, 861075.00, 386613.00
40, 0.50, 5.00, 3.95, 5.62, 9.57, 862055.00, 387095.00
40, 0.50, 5.75, 3.96, 5.63, 9.60, 862803.00, 387454.00
40, 0.50, 6.50, 3.96, 5.65, 9.61, 863405.00, 387744.00
40, 0.50, 7.25, 3.96, 5.62, 9.59, 863985.00, 388022.00
40, 0.50, 8.00, 3.98, 5.62, 9.59, 864477.00, 388265.00
40, 0.50, 8.75, 4.02, 5.64, 9.67, 864799.00, 388416.00
40, 0.50, 9.50, 3.97, 5.63, 9.60, 865047.00, 388534.00
40, 1.25, 0.50, 3.51, 5.60, 9.12, 725663.00, 321193.00
40, 1.25, 1.25, 3.79, 5.67, 9.46, 807381.00, 360634.00
40, 1.25, 2.00, 3.87, 5.64, 9.52, 829703.00, 371413.00
40, 1.25, 2.75, 3.89, 5.62, 9.51, 840449.00, 376603.00
40, 1.25, 3.50, 4.00, 5.74, 9.74, 846293.00, 379436.00
40, 1.25, 4.25, 3.94, 5.67, 9.61, 850233.00, 381355.00
40, 1.25, 5.00, 3.90, 5.58, 9.48, 852899.00, 382654.00
40, 1.25, 5.75, 3.91, 5.59, 9.50, 855119.00, 383724.00
40, 1.25, 6.50, 3.92, 5.59, 9.50, 856591.00, 384432.00
40, 1.25, 7.25, 3.92, 5.59, 9.51, 857901.00, 385064.00
40, 1.25, 8.00, 3.99, 5.59, 9.58, 859061.00, 385633.00
40, 1.25, 8.75, 3.99, 5.66, 9.65, 859695.00, 385934.00
40, 1.25, 9.50, 4.11, 5.95, 10.06, 860203.00, 386184.00
40, 2.00, 0.50, 3.97, 6.54, 10.51, 651133.00, 285425.00
40, 2.00, 1.25, 4.12, 6.04, 10.16, 773639.00, 344355.00
40, 2.00, 2.00, 4.43, 6.19, 10.62, 807541.00, 360704.00
40, 2.00, 2.75, 4.62, 6.52, 11.14, 823399.00, 368364.00
40, 2.00, 3.50, 4.41, 6.37, 10.78, 833125.00, 373076.00
40, 2.00, 4.25, 4.45, 6.40, 10.86, 839647.00, 376220.00
40, 2.00, 5.00, 4.47, 6.36, 10.83, 843667.00, 378170.00
40, 2.00, 5.75, 4.45, 6.35, 10.80, 846855.00, 379714.00
40, 2.00, 6.50, 4.45, 6.37, 10.82, 849271.00, 380891.00
40, 2.00, 7.25, 4.44, 6.36, 10.80, 851393.00, 381910.00
40, 2.00, 8.00, 4.50, 6.42, 10.91, 853029.00, 382712.00
40, 2.00, 8.75, 4.11, 5.79, 9.90, 854409.00, 383376.00
40, 2.00, 9.50, 3.94, 5.60, 9.54, 855585.00, 383943.00
40, 2.75, 0.50, 3.13, 5.59, 8.71, 581377.00, 253700.00
40, 2.75, 1.25, 3.60, 5.63, 9.23, 741745.00, 328929.00
40, 2.75, 2.00, 3.70, 5.58, 9.29, 786577.00, 350565.00
40, 2.75, 2.75, 3.79, 5.67, 9.46, 807343.00, 360603.00
40, 2.75, 3.50, 3.85, 5.65, 9.49, 820049.00, 366749.00
40, 2.75, 4.25, 3.91, 5.69, 9.60, 828337.00, 370758.00
40, 2.75, 5.00, 3.86, 5.59, 9.45, 834469.00, 373733.00
40, 2.75, 5.75, 4.04, 5.98, 10.02, 838949.00, 375885.00
40, 2.75, 6.50, 4.43, 6.02, 10.44, 842195.00, 377453.00
40, 2.75, 7.25, 4.20, 5.78, 9.99, 845013.00, 378813.00
40, 2.75, 8.00, 3.93, 6.05, 9.98, 847271.00, 379913.00
40, 2.75, 8.75, 4.34, 6.12, 10.46, 849057.00, 380779.00
40, 2.75, 9.50, 4.29, 5.93, 10.22, 850433.00, 381449.00
40, 3.50, 0.50, 2.91, 5.62, 8.53, 518369.00, 225084.00
40, 3.50, 1.25, 3.48, 5.61, 9.08, 709623.00, 313510.00
40, 3.50, 2.00, 3.65, 5.61, 9.26, 765861.00, 340579.00
40, 3.50, 2.75, 3.73, 5.61, 9.35, 792017.00, 353180.00
40, 3.50, 3.50, 3.79, 5.61, 9.39, 807463.00, 360665.00
40, 3.50, 4.25, 3.82, 5.61, 9.43, 817709.00, 365617.00
40, 3.50, 5.00, 3.94, 5.81, 9.74, 824895.00, 369101.00
40, 3.50, 5.75, 3.94, 5.62, 9.56, 830717.00, 371904.00
40, 3.50, 6.50, 3.91, 5.74, 9.64, 835161.00, 374055.00
40, 3.50, 7.25, 3.88, 5.62, 9.50, 838813.00, 375814.00
40, 3.50, 8.00, 3.90, 5.63, 9.53, 841509.00, 377122.00
40, 3.50, 8.75, 3.94, 5.76, 9.70, 843713.00, 378177.00
40, 3.50, 9.50, 4.36, 6.10, 10.46, 845535.00, 379067.00
40, 4.25, 0.50, 2.86, 5.82, 8.68, 463483.00, 200416.00
40, 4.25, 1.25, 3.62, 6.07, 9.69, 679573.00, 299058.00
40, 4.25, 2.00, 4.09, 6.21, 10.30, 745611.00, 330800.00
40, 4.25, 2.75, 4.58, 6.29, 10.86, 776715.00, 345807.00
40, 4.25, 3.50, 4.24, 6.25, 10.49, 795069.00, 354653.00
40, 4.25, 5.00, 3.86, 5.69, 9.55, 816009.00, 364804.00
40, 4.25, 5.75, 3.93, 5.68, 9.61, 822771.00, 368070.00
40, 4.25, 6.50, 3.89, 5.69, 9.58, 827713.00, 370457.00
40, 4.25, 7.25, 3.90, 5.68, 9.58, 832179.00, 372613.00
40, 4.25, 8.00, 3.92, 5.69, 9.60, 835813.00, 374370.00
40, 4.25, 8.75, 3.99, 5.76, 9.75, 838625.00, 375718.00
40, 4.25, 9.50, 3.94, 5.73, 9.67, 840869.00, 376811.00
45, 0.50, 0.50, 3.83, 5.68, 9.51, 807557.00, 360711.00
45, 0.50, 1.25, 3.93, 5.67, 9.60, 843685.00, 378178.00
45, 0.50, 2.00, 4.03, 5.81, 9.84, 853053.00, 382723.00
45, 0.50, 2.75, 3.98, 5.72, 9.70, 857315.00, 384780.00
45, 0.50, 3.50, 4.20, 6.09, 10.29, 859725.00, 385953.00
45, 0.50, 4.25, 4.39, 6.07, 10.45, 861099.00, 386624.00
45, 0.50, 5.00, 4.21, 6.09, 10.30, 862079.00, 387106.00
45, 0.50, 5.75, 4.10, 5.73, 9.82, 862827.00, 387465.00
45, 0.50, 6.50, 4.00, 5.68, 9.68, 863429.00, 387755.00
45, 0.50, 7.25, 4.00, 5.71, 9.72, 864009.00, 388033.00
45, 0.50, 8.00, 4.01, 5.74, 9.75, 864501.00, 388276.00
45, 0.50, 8.75, 4.07, 5.80, 9.87, 864823.00, 388427.00
45, 0.50, 9.50, 4.18, 5.94, 10.12, 865071.00, 388545.00
45, 1.25, 0.50, 3.69, 6.06, 9.75, 725673.00, 321197.00
45, 1.25, 1.25, 4.03, 6.04, 10.07, 807397.00, 360641.00
45, 1.25, 2.00, 3.92, 5.81, 9.73, 829721.00, 371421.00
45, 1.25, 2.75, 3.98, 5.74, 9.72, 840467.00, 376611.00
45, 1.25, 3.50, 4.23, 6.22, 10.45, 846311.00, 379444.00
45, 1.25, 4.25, 4.58, 6.36, 10.94, 850251.00, 381363.00
45, 1.25, 5.00, 4.20, 6.17, 10.36, 852923.00, 382665.00
45, 1.25, 5.75, 4.25, 6.13, 10.38, 855143.00, 383735.00
45, 1.25, 6.50, 3.98, 5.69, 9.67, 856615.00, 384443.00
45, 1.25, 7.25, 3.98, 5.68, 9.66, 857925.00, 385075.00
45, 1.25, 8.00, 3.98, 5.69, 9.67, 859085.00, 385644.00
45, 1.25, 8.75, 3.99, 5.68, 9.67, 859719.00, 385945.00
45, 1.25, 9.50, 3.98, 5.68, 9.66, 860227.00, 386195.00
45, 2.00, 0.50, 3.33, 5.67, 9.00, 651137.00, 285426.00
45, 2.00, 1.25, 3.73, 5.68, 9.41, 773649.00, 344359.00
45, 2.00, 2.00, 3.83, 5.68, 9.51, 807557.00, 360711.00
45, 2.00, 2.75, 4.03, 5.78, 9.81, 823417.00, 368372.00
45, 2.00, 3.50, 4.06, 5.82, 9.88, 833143.00, 373084.00
45, 2.00, 4.25, 4.27, 6.22, 10.48, 839665.00, 376228.00
45, 2.00, 5.00, 4.32, 6.08, 10.40, 843685.00, 378178.00
45, 2.00, 5.75, 4.19, 6.04, 10.23, 846873.00, 379722.00
45, 2.00, 6.50, 4.07, 5.87, 9.94, 849289.00, 380899.00
45, 2.00, 7.25, 4.03, 5.81, 9.83, 851417.00, 381921.00
45, 2.00, 8.00, 3.97, 5.67, 9.65, 853053.00, 382723.00
45, 2.00, 8.75, 3.98, 5.69, 9.67, 854433.00, 383387.00
45, 2.00, 9.50, 3.97, 5.68, 9.65, 855609.00, 383954.00
45, 2.75, 0.50, 3.12, 5.71, 8.83, 581379.00, 253701.00
45, 2.75, 1.25, 3.62, 5.70, 9.33, 741755.00, 328933.00
45, 2.75, 2.00, 3.75, 5.66, 9.41, 786589.00, 350570.00
45, 2.75, 2.75, 3.96, 5.85, 9.81, 807359.00, 360610.00
45, 2.75, 3.50, 4.04, 5.78, 9.82, 820067.00, 366757.00
45, 2.75, 4.25, 4.09, 5.87, 9.96, 828355.00, 370766.00
45, 2.75, 5.00, 4.05, 5.74, 9.80, 834487.00, 373741.00
45, 2.75, 5.75, 4.04, 6.08, 10.13, 838967.00, 375893.00
45, 2.75, 6.50, 4.02, 5.80, 9.82, 842213.00, 377461.00
45, 2.75, 7.25, 3.95, 5.68, 9.63, 845031.00, 378821.00
45, 2.75, 8.00, 3.94, 5.67, 9.61, 847289.00, 379921.00
45, 2.75, 8.75, 3.96, 5.69, 9.64, 849075.00, 380787.00
45, 2.75, 9.50, 3.96, 5.68, 9.64, 850457.00, 381460.00
45, 3.50, 0.50, 2.93, 5.66, 8.59, 518371.00, 225085.00
45, 3.50, 1.25, 3.51, 5.68, 9.19, 709633.00, 313514.00
45, 3.50, 2.00, 3.68, 5.66, 9.35, 765871.00, 340583.00
45, 3.50, 2.75, 3.77, 5.66, 9.43, 792029.00, 353185.00
45, 3.50, 3.50, 3.82, 5.68, 9.50, 807479.00, 360672.00
45, 3.50, 4.25, 3.85, 5.68, 9.53, 817727.00, 365625.00
45, 3.50, 5.00, 3.87, 5.67, 9.55, 824913.00, 369109.00
45, 3.50, 5.75, 3.90, 5.68, 9.58, 830735.00, 371912.00
45, 3.50, 6.50, 3.89, 5.67, 9.56, 835179.00, 374063.00
45, 3.50, 7.25, 3.91, 5.68, 9.59, 838831.00, 375822.00
45, 3.50, 8.00, 3.92, 5.68, 9.60, 841527.00, 377130.00
45, 3.50, 8.75, 3.92, 5.67, 9.59, 843731.00, 378185.00
45, 3.50, 9.50, 3.94, 5.67, 9.61, 845553.00, 379075.00
45, 4.25, 0.50, 2.76, 5.62, 8.38, 463485.00, 200417.00
45, 4.25, 1.25, 3.41, 5.66, 9.07, 679581.00, 299061.00
45, 4.25, 2.00, 3.62, 5.67, 9.29, 745623.00, 330805.00
45, 4.25, 2.75, 3.72, 5.67, 9.38, 776725.00, 345811.00
45, 4.25, 3.50, 3.78, 5.66, 9.44, 795081.00, 354658.00
45, 4.25, 4.25, 3.82, 5.66, 9.47, 807523.00, 360695.00
45, 4.25, 5.00, 3.84, 5.67, 9.52, 816027.00, 364812.00
45, 4.25, 5.75, 3.88, 5.67, 9.55, 822789.00, 368078.00
45, 4.25, 6.50, 3.89, 5.67, 9.56, 827731.00, 370465.00
45, 4.25, 7.25, 3.90, 5.67, 9.58, 832197.00, 372621.00
45, 4.25, 8.00, 3.90, 5.67, 9.58, 835831.00, 374378.00
45, 4.25, 8.75, 3.91, 5.67, 9.59, 838643.00, 375726.00
45, 4.25, 9.50, 3.98, 5.94, 9.92, 840887.00, 376819.00
50, 0.50, 0.50, 3.82, 5.70, 9.52, 807557.00, 360711.00
50, 0.50, 1.25, 4.04, 5.78, 9.82, 843685.00, 378178.00
50, 0.50, 2.00, 4.08, 6.00, 10.08, 853053.00, 382723.00
50, 0.50, 2.75, 3.98, 5.68, 9.66, 857315.00, 384780.00
50, 0.50, 3.50, 4.00, 5.68, 9.68, 859725.00, 385953.00
50, 0.50, 4.25, 4.00, 5.82, 9.82, 861099.00, 386624.00
50, 0.50, 5.00, 4.49, 6.52, 11.01, 862079.00, 387106.00
50, 0.50, 5.75, 5.44, 7.33, 12.76, 862827.00, 387465.00
50, 0.50, 6.50, 4.88, 6.64, 11.52, 863429.00, 387755.00
50, 0.50, 7.25, 4.02, 5.69, 9.70, 864009.00, 388033.00
50, 0.50, 8.00, 4.01, 5.69, 9.70, 864501.00, 388276.00
50, 0.50, 8.75, 4.01, 5.68, 9.68, 864823.00, 388427.00
50, 0.50, 9.50, 4.02, 5.69, 9.71, 865071.00, 388545.00
50, 1.25, 0.50, 3.58, 5.67, 9.25, 725673.00, 321197.00
50, 1.25, 1.25, 3.83, 5.68, 9.50, 807397.00, 360641.00
50, 1.25, 2.00, 3.89, 5.69, 9.58, 829721.00, 371421.00
50, 1.25, 2.75, 3.96, 5.74, 9.70, 840467.00, 376611.00
50, 1.25, 3.50, 4.08, 5.87, 9.95, 846311.00, 379444.00
50, 1.25, 4.25, 4.11, 5.94, 10.05, 850251.00, 381363.00
50, 1.25, 5.00, 4.24, 6.02, 10.26, 852923.00, 382665.00
50, 1.25, 5.75, 4.18, 5.87, 10.05, 855143.00, 383735.00
50, 1.25, 6.50, 4.31, 6.08, 10.39, 856615.00, 384443.00
50, 1.25, 7.25, 4.10, 5.92, 10.02, 857925.00, 385075.00
50, 1.25, 8.00, 4.12, 5.70, 9.82, 859085.00, 385644.00
50, 1.25, 8.75, 3.99, 5.69, 9.68, 859719.00, 385945.00
50, 1.25, 9.50, 3.99, 5.69, 9.68, 860227.00, 386195.00
50, 2.00, 0.50, 3.34, 5.67, 9.01, 651137.00, 285426.00
50, 2.00, 1.25, 4.03, 6.33, 10.35, 773649.00, 344359.00
50, 2.00, 2.00, 4.23, 5.94, 10.17, 807557.00, 360711.00
50, 2.00, 2.75, 3.89, 5.73, 9.62, 823417.00, 368372.00
50, 2.00, 3.50, 4.25, 6.06, 10.32, 833143.00, 373084.00
50, 2.00, 4.25, 4.68, 7.04, 11.72, 839665.00, 376228.00
50, 2.00, 5.00, 5.03, 7.55, 12.59, 843685.00, 378178.00
50, 2.00, 5.75, 5.52, 7.98, 13.50, 846873.00, 379722.00
50, 2.00, 6.50, 5.55, 7.96, 13.52, 849289.00, 380899.00
50, 2.00, 7.25, 5.51, 7.93, 13.44, 851417.00, 381921.00
50, 2.00, 8.00, 5.48, 7.87, 13.35, 853053.00, 382723.00
50, 2.00, 8.75, 5.50, 7.92, 13.41, 854433.00, 383387.00
50, 2.00, 9.50, 5.60, 7.95, 13.55, 855609.00, 383954.00
50, 2.75, 0.50, 4.15, 7.70, 11.85, 581379.00, 253701.00
50, 2.75, 1.25, 4.61, 7.45, 12.06, 741755.00, 328933.00
50, 2.75, 2.00, 4.82, 7.51, 12.33, 786589.00, 350570.00
50, 2.75, 2.75, 4.53, 6.92, 11.45, 807359.00, 360610.00
50, 2.75, 3.50, 3.92, 5.75, 9.67, 820067.00, 366757.00
50, 2.75, 4.25, 3.93, 5.75, 9.69, 828355.00, 370766.00
50, 2.75, 5.00, 3.95, 5.76, 9.72, 834487.00, 373741.00
50, 2.75, 5.75, 3.96, 5.75, 9.71, 838967.00, 375893.00
50, 2.75, 6.50, 4.11, 5.99, 10.10, 842213.00, 377461.00
50, 2.75, 7.25, 3.96, 5.71, 9.67, 845031.00, 378821.00
50, 2.75, 8.00, 3.96, 5.70, 9.66, 847289.00, 379921.00
50, 2.75, 8.75, 3.97, 5.71, 9.68, 849075.00, 380787.00
50, 2.75, 9.50, 3.97, 5.70, 9.68, 850457.00, 381460.00
50, 3.50, 0.50, 2.93, 5.69, 8.62, 518371.00, 225085.00
50, 3.50, 1.25, 3.53, 5.70, 9.23, 709633.00, 313514.00
50, 3.50, 2.00, 3.71, 5.69, 9.40, 765871.00, 340583.00
50, 3.50, 2.75, 3.79, 5.71, 9.50, 792029.00, 353185.00
50, 3.50, 3.50, 3.83, 5.70, 9.52, 807479.00, 360672.00
50, 3.50, 4.25, 3.87, 5.70, 9.56, 817727.00, 365625.00
50, 3.50, 5.00, 3.89, 5.70, 9.59, 824913.00, 369109.00
50, 3.50, 5.75, 3.91, 5.70, 9.61, 830735.00, 371912.00
50, 3.50, 6.50, 3.94, 5.70, 9.64, 835179.00, 374063.00
50, 3.50, 7.25, 3.93, 5.71, 9.64, 838831.00, 375822.00
50, 3.50, 8.00, 3.96, 5.71, 9.67, 841527.00, 377130.00
50, 3.50, 9.50, 4.17, 5.92, 10.09, 845553.00, 379075.00
50, 4.25, 0.50, 2.93, 6.14, 9.07, 463485.00, 200417.00
50, 4.25, 1.25, 3.61, 5.96, 9.57, 679581.00, 299061.00
50, 4.25, 2.00, 3.64, 5.74, 9.38, 745623.00, 330805.00
50, 4.25, 2.75, 3.85, 5.97, 9.82, 776725.00, 345811.00
50, 4.25, 3.50, 3.81, 5.69, 9.51, 795081.00, 354658.00
50, 4.25, 4.25, 3.84, 5.69, 9.52, 807523.00, 360695.00
50, 4.25, 5.00, 3.86, 5.70, 9.56, 816027.00, 364812.00
50, 4.25, 5.75, 3.88, 5.70, 9.58, 822789.00, 368078.00
50, 4.25, 6.50, 3.89, 5.69, 9.58, 827731.00, 370465.00
50, 4.25, 7.25, 3.91, 5.70, 9.61, 832197.00, 372621.00
50, 4.25, 8.00, 3.92, 5.69, 9.61, 835831.00, 374378.00
50, 4.25, 8.75, 3.94, 5.70, 9.64, 838643.00, 375726.00
50, 4.25, 9.50, 3.95, 5.70, 9.65, 840887.00, 376819.00

